1.0 3.0 2.0 4.0 -3.0 -7.0
2.0 6.0 0.0 -1.0 -2.0 0.0
0.0 0.0 6.0 2.0 -1.0 12.0
1.0 3.0 -1.0 4.0 2.0 -6.0
0.0 0.0 0.0 0.0 0.0 0.0

2.0 6.0 0.0 -1.0 -2.0 0.0
1.0 3.0 2.0 4.0 -3.0 -7.0
0.0 0.0 6.0 2.0 -1.0 12.0
1.0 3.0 -1.0 4.0 2.0 -6.0
0.0 0.0 0.0 0.0 0.0 0.0

1.0 3.0 0.0 -0.5 -1.0 0.0
1.0 3.0 2.0 4.0 -3.0 -7.0
0.0 0.0 6.0 2.0 -1.0 12.0
1.0 3.0 -1.0 4.0 2.0 -6.0
0.0 0.0 0.0 0.0 0.0 0.0

1.0 3.0 0.0 -0.5 -1.0 0.0
0.0 0.0 2.0 4.5 -2.0 -7.0
0.0 0.0 6.0 2.0 -1.0 12.0
1.0 3.0 -1.0 4.0 2.0 -6.0
0.0 0.0 0.0 0.0 0.0 0.0

1.0 3.0 0.0 -0.5 -1.0 0.0
0.0 0.0 2.0 4.5 -2.0 -7.0
0.0 0.0 6.0 2.0 -1.0 12.0
1.0 3.0 -1.0 4.0 2.0 -6.0
0.0 0.0 0.0 0.0 0.0 0.0

1.0 3.0 0.0 -0.5 -1.0 0.0
0.0 0.0 2.0 4.5 -2.0 -7.0
0.0 0.0 6.0 2.0 -1.0 12.0
0.0 0.0 -1.0 4.5 3.0 -6.0
0.0 0.0 0.0 0.0 0.0 0.0

1.0 3.0 0.0 -0.5 -1.0 0.0
0.0 0.0 2.0 4.5 -2.0 -7.0
0.0 0.0 6.0 2.0 -1.0 12.0
0.0 0.0 -1.0 4.5 3.0 -6.0
0.0 0.0 0.0 0.0 0.0 0.0

1.0 3.0 0.0 -0.5 -1.0 0.0
0.0 0.0 2.0 4.5 -2.0 -7.0
0.0 0.0 6.0 2.0 -1.0 12.0
0.0 0.0 -1.0 4.5 3.0 -6.0
0.0 0.0 0.0 0.0 0.0 0.0

1.0 3.0 0.0 -0.5 -1.0 0.0
0.0 0.0 2.0 4.5 -2.0 -7.0
0.0 0.0 6.0 2.0 -1.0 12.0
0.0 0.0 -1.0 4.5 3.0 -6.0
0.0 0.0 0.0 0.0 0.0 0.0

1.0 3.0 0.0 -0.5 -1.0 0.0
0.0 0.0 2.0 4.5 -2.0 -7.0
0.0 0.0 6.0 2.0 -1.0 12.0
0.0 0.0 -1.0 4.5 3.0 -6.0
0.0 0.0 0.0 0.0 0.0 0.0

1.0 3.0 0.0 -0.5 -1.0 0.0
0.0 0.0 2.0 4.5 -2.0 -7.0
0.0 0.0 6.0 2.0 -1.0 12.0
0.0 0.0 -1.0 4.5 3.0 -6.0
0.0 0.0 0.0 0.0 0.0 0.0

1.0 3.0 0.0 -0.5 -1.0 0.0
0.0 0.0 2.0 4.5 -2.0 -7.0
0.0 0.0 6.0 2.0 -1.0 12.0
0.0 0.0 -1.0 4.5 3.0 -6.0
0.0 0.0 0.0 0.0 0.0 0.0

1.0 3.0 0.0 -0.5 -1.0 0.0
0.0 0.0 2.0 4.5 -2.0 -7.0
0.0 0.0 6.0 2.0 -1.0 12.0
0.0 0.0 -1.0 4.5 3.0 -6.0
0.0 0.0 0.0 0.0 0.0 0.0

1.0 3.0 0.0 -0.5 -1.0 0.0
0.0 0.0 2.0 4.5 -2.0 -7.0
0.0 0.0 6.0 2.0 -1.0 12.0
0.0 0.0 -1.0 4.5 3.0 -6.0
0.0 0.0 0.0 0.0 0.0 0.0

1.0 3.0 0.0 -0.5 -1.0 0.0
0.0 0.0 2.0 4.5 -2.0 -7.0
0.0 0.0 1.0 0.33333 -0.16667 2.0
0.0 0.0 -1.0 4.5 3.0 -6.0
0.0 0.0 0.0 0.0 0.0 0.0

1.0 3.0 0.0 -0.5 -1.0 0.0
0.0 0.0 2.0 4.5 -2.0 -7.0
0.0 0.0 1.0 0.33333 -0.16667 2.0
0.0 0.0 0.0 4.8333 2.8333 -4.0
0.0 0.0 0.0 0.0 0.0 0.0

1.0 3.0 0.0 -0.5 -1.0 0.0
0.0 0.0 2.0 4.5 -2.0 -7.0
0.0 0.0 1.0 0.33333 -0.16667 2.0
0.0 0.0 0.0 4.8333 2.8333 -4.0
0.0 0.0 0.0 0.0 0.0 0.0

1.0 3.0 0.0 -0.5 -1.0 0.0
0.0 0.0 2.0 4.5 -2.0 -7.0
0.0 0.0 1.0 0.33333 -0.16667 2.0
0.0 0.0 0.0 4.8333 2.8333 -4.0
0.0 0.0 0.0 0.0 0.0 0.0

1.0 3.0 0.0 -0.5 -1.0 0.0
0.0 0.0 0.0 3.8333 -1.6667 -11.0
0.0 0.0 1.0 0.33333 -0.16667 2.0
0.0 0.0 0.0 4.8333 2.8333 -4.0
0.0 0.0 0.0 0.0 0.0 0.0

1.0 3.0 0.0 -0.5 -1.0 0.0
0.0 0.0 0.0 3.8333 -1.6667 -11.0
0.0 0.0 1.0 0.33333 -0.16667 2.0
0.0 0.0 0.0 4.8333 2.8333 -4.0
0.0 0.0 0.0 0.0 0.0 0.0

1.0 3.0 0.0 -0.5 -1.0 0.0
0.0 0.0 0.0 3.8333 -1.6667 -11.0
0.0 0.0 1.0 0.33333 -0.16667 2.0
0.0 0.0 0.0 1.0 0.5862 -0.82759
0.0 0.0 0.0 0.0 0.0 0.0

1.0 3.0 0.0 -0.5 -1.0 0.0
0.0 0.0 0.0 3.8333 -1.6667 -11.0
0.0 0.0 1.0 0.33333 -0.16667 2.0
0.0 0.0 0.0 1.0 0.5862 -0.82759
0.0 0.0 0.0 0.0 0.0 0.0

1.0 3.0 0.0 -0.5 -1.0 0.0
0.0 0.0 0.0 3.8333 -1.6667 -11.0
0.0 0.0 1.0 0.33333 -0.16667 2.0
0.0 0.0 0.0 1.0 0.5862 -0.82759
0.0 0.0 0.0 0.0 0.0 0.0

1.0 3.0 0.0 -0.5 -1.0 0.0
0.0 0.0 0.0 3.8333 -1.6667 -11.0
0.0 0.0 1.0 0.0 -0.36207 2.2759
0.0 0.0 0.0 1.0 0.5862 -0.82759
0.0 0.0 0.0 0.0 0.0 0.0

1.0 3.0 0.0 -0.5 -1.0 0.0
0.0 0.0 0.0 0.0 -3.9138 -7.8276
0.0 0.0 1.0 0.0 -0.36207 2.2759
0.0 0.0 0.0 1.0 0.5862 -0.82759
0.0 0.0 0.0 0.0 0.0 0.0

1.0 3.0 0.0 0.0 -0.7069 -0.4138
0.0 0.0 0.0 0.0 -3.9138 -7.8276
0.0 0.0 1.0 0.0 -0.36207 2.2759
0.0 0.0 0.0 1.0 0.5862 -0.82759
0.0 0.0 0.0 0.0 0.0 0.0

1.0 3.0 0.0 0.0 -0.7069 -0.4138
0.0 0.0 0.0 0.0 -3.9138 -7.8276
0.0 0.0 1.0 0.0 -0.36207 2.2759
0.0 0.0 0.0 1.0 0.5862 -0.82759
0.0 0.0 0.0 0.0 0.0 0.0

