1.0 3.0 2.0 4.0 -3.0 -7.0
2.0 6.0 0.0 -1.0 -2.0 0.0
0.0 0.0 6.0 2.0 -1.0 12.0
1.0 3.0 -1.0 4.0 2.0 -6.0
0.0 0.0 0.0 0.0 0.0 0.0

2.0 6.0 0.0 -1.0 -2.0 0.0
1.0 3.0 2.0 4.0 -3.0 -7.0
0.0 0.0 6.0 2.0 -1.0 12.0
1.0 3.0 -1.0 4.0 2.0 -6.0
0.0 0.0 0.0 0.0 0.0 0.0

2.0 6.0 0.0 -1.0 -2.0 0.0
0.0 0.0 2.0 4.5 -2.0 -7.0
0.0 0.0 6.0 2.0 -1.0 12.0
0.0 0.0 -1.0 4.5 3.0 -6.0
0.0 0.0 0.0 0.0 0.0 0.0

2.0 6.0 0.0 -1.0 -2.0 0.0
0.0 0.0 2.0 4.5 -2.0 -7.0
0.0 0.0 6.0 2.0 -1.0 12.0
0.0 0.0 -1.0 4.5 3.0 -6.0
0.0 0.0 0.0 0.0 0.0 0.0

2.0 6.0 0.0 -1.0 -2.0 0.0
0.0 0.0 2.0 4.5 -2.0 -7.0
0.0 0.0 6.0 2.0 -1.0 12.0
0.0 0.0 0.0 4.833333333 2.833333333 -4.0
0.0 0.0 0.0 0.0 0.0 0.0

2.0 6.0 0.0 -1.0 -2.0 0.0
0.0 0.0 2.0 4.5 -2.0 -7.0
0.0 0.0 6.0 2.0 -1.0 12.0
0.0 0.0 0.0 4.833333333 2.833333333 -4.0
0.0 0.0 0.0 0.0 0.0 0.0

2.0 6.0 0.0 -1.0 -2.0 0.0
0.0 1.0 0.0 0.0 0.0 1.0
0.0 0.0 6.0 2.0 -1.0 12.0
0.0 0.0 0.0 4.833333333 2.833333333 -4.0
0.0 0.0 2.0 4.5 -2.0 -7.0

2.0 6.0 0.0 -1.0 -2.0 0.0
0.0 1.0 0.0 0.0 0.0 1.0
0.0 0.0 6.0 2.0 -1.0 12.0
0.0 0.0 0.0 4.833333333 2.833333333 -4.0
0.0 0.0 2.0 4.5 -2.0 -7.0

2.0 6.0 0.0 -1.0 -2.0 0.0
0.0 1.0 0.0 0.0 0.0 1.0
0.0 0.0 6.0 2.0 -1.0 12.0
0.0 0.0 0.0 4.833333333 2.833333333 -4.0
0.0 0.0 2.0 4.5 -2.0 -7.0

2.0 6.0 0.0 -1.0 -2.0 0.0
0.0 1.0 0.0 0.0 0.0 1.0
0.0 0.0 6.0 2.0 -1.0 12.0
0.0 0.0 0.0 4.833333333 2.833333333 -4.0
0.0 0.0 2.0 4.5 -2.0 -7.0

2.0 6.0 0.0 -1.0 -2.0 0.0
0.0 1.0 0.0 0.0 0.0 1.0
0.0 0.0 6.0 2.0 -1.0 12.0
0.0 0.0 0.0 4.833333333 2.833333333 -4.0
0.0 0.0 0.0 3.833333333 -1.666666667 -11.0

2.0 6.0 0.0 -1.0 -2.0 0.0
0.0 1.0 0.0 0.0 0.0 1.0
0.0 0.0 6.0 2.0 -1.0 12.0
0.0 0.0 0.0 4.833333333 2.833333333 -4.0
0.0 0.0 0.0 0.0 -3.913793103 -7.827586207

