1.0 0.0 1.0 
21.0 4.8 2.2 
4.6 0.08 53.08 
-204.8667 -27.168 10.888 
41.544 40.04054 -508.1808 
2134.022 302.1996 123.5299 
-1215.095 -495.3224 5302.772 
-21797.59 -2933.044 -3213.622 
20794.8 6293.292 -54074.24 
219662.7 28291.18 53683.3 
-298615.1 -76136.92 544165.0 
-2180370.0 -266770.4 -762358.6 
3926043.0 893494.8 -5392950.0 
2.128465E7 2450568.0 9958600.0 
-4.88719E7 -1.023208E7 5.25535E7 
-2.03857E8 -2.175772E7 -1.234318E8 
5.856393E8 1.148305E8 -5.023114E8 
1.908745E9 1.84259E8 1.474433E9 
-6.819147E9 -1.266409E9 4.691544E9 
-1.737507E10 -1.451097E9 -1.71258E10 
7.75977E10 1.375049E10 -4.257082E10 
1.523891E11 1.002295E10 1.944848E11 
-8.661543E11 -1.471687E11 3.717476E11 
-1.267513E12 -4.98177E10 -2.167072E12 
9.506887E12 1.553746E12 -3.071922E12 
9.686253E12 -5.82242E10 2.374878E13 
-1.027755E14 -1.618652E13 2.321208E13 
-6.281713E13 6.627852E12 -2.563732E14 
1.095486E15 1.663873E14 -1.467844E14 
2.478287E14 -1.310266E14 2.728998E15 
-1.151993E16 -1.686965E15 5.16173E14 
1.699502E15 1.994282E15 -2.866002E16 
1.195401E17 1.685611E16 5.275374E15 
-6.219087E16 -2.707324E16 2.9701E17 
-1.223872E18 -1.657678E17 -1.65502E17 
1.103967E18 3.440756E17 -3.036754E18 
1.235642E19 1.601259E18 2.855966E18 
-1.611212E19 -4.184864E18 3.061616E19 
-1.229053E20 -1.514727E19 -4.118E19 
2.1379030000000002E20 4.928906E19 -3.0406099999999997E20 
1.20259E21 1.396785E20 5.4267020000000003E20 
-2.677487E21 -5.6612019999999997E20 2.9700239999999997E21 
-1.154916E22 -1.246517E21 -6.76564E21 
3.222631E22 6.369216E21 -2.84659E22 
1.084907E23 1.063428E22 8.116468E22 
-3.76527E23 -7.039694E22 2.667582E23 
-9.916927E23 -8.474952E22 -9.45903E23 
4.296663E24 7.658804E23 -2.430912E24 
8.746897E24 5.992146E23 1.077152E25 
-4.807477E25 -8.212292E24 2.135208E25 
-7.336367E25 -3.196294E24 -1.203068E26 
